22232023
23070629
23175441
23332324
23334450
23526956
23691101
23868178
24120260
24163245
24170695
24253112
24278132
24334605
24477300
24500968
24559495
24561991
24603599
24630777
24655651
24704585
24906187
24920721
25003289
25052007
25075435
25129075
25129077
25249537
25282492
25324151
25325195
25325234
25404168
25424692
25476734
25552657
25556184
25583993
25612291
25617346
25650246
25663950
25855716
25855720
25888029
25935004
25944819
26095709
26110892
26119815
26181258
26192630
26244061
26292806
26404063
26433941
26441693
26483836
26499864
26500701
26508088
26553366
26563994
26619905
26643952
26646899
26667048
26681806
26731791
26743604
26756918
26771251
26798409
26826776
26829059
26857698
26861414
26864933
26889969
26953979
26973132
27015559
27019061
27040690
27058926
27074206
27105112
27142338
27171005
27217153
27236499
27358489
27358653
27366929
27383059
27448387
27564309
27564456
27572077
27591263
27602958
27651444
27672717
27717397
27777315
27824951
27826092
27832094
27839851
27843151
27884142
27886173
27891191
27898055
27922636
27955697
27982729
27993549
28002404
28032437
28056824
28062490
28067321
28069425
28074145
28095459
28127622
28139377
28165855
28173150
28194238
28213390
28225026
28264723
28394087
28439531
28475762
28515798
28535255
28540928
28550290
28556291
28558807
28595673
28603561
28618313
28621160
28624579
28654093
28686328
28693600
28708104
28785368
28809857
28811542
28814982
29086770
