22422453
30871403
30867049
30873861
30874594
30876376
30879037
30879397
30870065
30893429
30872662
30900359
30885044
30698680
30877840
29860346
30879057
30875430
30821575
30832291
30793194
30831210
30826615
30819252
30830696
30832715
28603561
30833390
30760334
30765504
30765773
30771258
30773972
30792424
30796027
30777123
30842548
30842553
30764717
30736859
30669119
30704927
30732658
30732639
30721705
30718923
30718529
30709850
30709331
30705257
30706728
30635417
30619480
30670627
30631468
30624029
30587240
29676998
30650672
30643296
30559489
23217325
30450724
30397358
30425263
29706550
30173918
30427307
30439595
30072576
29506027
30279435
30333496
30032232
29456084
30140739
30291282
30055357
30248838
30273333
30048243
30077874
30242228
30016711
30232290
29998287
30093547
30079798
29893918
30136078
30120223
30176915
30185669
29935799
29988127
29790956
30166545
29547942
29775682
29542109
30002084
29693419
29957030
29891976
29325019
29632380
29617535
27321947
29381404
28855307
29325449
29399631
29374233
29310692
23541543
21422862
17228752
12635965
2025725
21561975
27187070
28825715
27980682
28149326
27690265
29160179
28528868
29047346
29044988
28824732
28637190
28927436
28869584
28809857
28630453
28622505
28368004
27217153
28630479
28615041
28282966
28556790
28419547
28569836
28537256
25424551
28480579
28388429
28500316
28515798
28517981
28484249
28494218
28498935
28470095
28473536
28475762
28115635
28462942
28057051
27965295
27591263
28351387
28225755
28234021
28289216
28193155
28165855
27717399
27717397
28002404
28095459
28198702
27998780
28213474
28211912
28198392
28193886
28092683
28168293
28165116
28150704
28147265
28149327
28118844
27013061
28115406
28129601
28128194
27994001
27918982
27922636
27955697
28067913
27918535
27869828
25869828
27891191
27843151
27818178
27835649
27005421
27644593
27716309
27323799
27019159
27687885
27648526
27572077
27511193
27568547
27498152
26673150
27074206
27455349
27358653
27336614
26997371
26292806
27142380
27219535
26551669
26956984
25660083
26912859
26956433
26854917
26861414
26824653
26699896
26813288
26095709
26414678
26717317
26140449
26287746
26449484
25642630
26390057
26449472
26433941
26181258
26316348
26323059
26288249
26046444
25690853
26170291
25634236
26061800
26030523
25915600
25970091
25862628
25886572
25693563
25707804
24997565
25633388
25324151
25541553
24630777
25249537
25437055
22232023
23070629
23175441
23332324
23334450
23526956
23691101
23868178
24120260
24163245
24170695
24253112
24278132
24334605
24477300
24500968
24559495
24561991
24603599
24655651
24704585
24906187
24920721
25003289
25052007
25075435
25129075
25129077
25282492
25325195
25325234
25404168
25424692
25476734
25552657
25556184
25583993
25612291
25617346
25650246
25663950
25855716
25855720
25888029
25935004
25944819
26110892
26119815
26192630
26244061
26404063
26441693
26483836
26499864
26500701
26508088
26553366
26563994
26619905
26643952
26646899
26667048
26681806
26731791
26743604
26756918
26771251
26798409
26826776
26829059
26857698
26864933
26889969
26953979
26973132
27015559
27019061
27040690
27058926
27105112
27142338
27171005
27236499
27358489
27366929
27383059
27448387
27564309
27564456
27602958
27651444
27672717
27777315
27824951
27826092
27832094
27839851
27884142
27886173
27898055
27982729
27993549
28032437
28056824
28062490
28067321
28069425
28074145
28127622
28139377
28173150
28194238
28213390
28225026
28264723
28394087
28439531
28535255
28540928
28550290
28556291
28558807
28595673
28618313
28621160
28624579
28654093
28686328
28693600
28708104
28785368
28811542
28814982
29086770
30793472
30898171
30911103
30905381
30909978
30913233
30913238
30914725
30915882
30918249
30925934
30926763
30922215
30924596
30929737
30935889
30938765
30940212
30941597
30944378
30858345
30936186
30941158
30947592
30948436
30950195
30955436
30956810
30958317
30966798
30966880
30982733
30872577
30906879
30975860
30976086
30988170
30988719
30989176
30992551
30999858
31003786
31004082
31008534
31009935
31009952
31010371
31015461
31015518
31020763
31024609
31026301
31028648
31031804
31033411
31038702
31039056
31039828
31053557
31053723
31062658
31063461
31064978
31068700
31069058
31070508
31073081
31076557
31086609
31088362
31099405
31100065
31101124
30302724
30779925
31109152
31113906
31113950
31116258
31122292
31132961
31138013
31139831
31084332
31138268
31142478
31143935
31144443
31148503
31152171
31155008
31156022
31165884
31166810
31167428
31169496
31197173
29481604
31230816
31173057
31173577
31181146
31182156
31186427
31212707
31187518
31223786
31224475
31224595
31224898
31178122
31179817
31200609
31179827
31208937
31216310
31217032
31228611
31222117
31233934
31230546
31235674
31239533
31241004
31250700
31253200
31196964
31103351
31022588
30785999
31220268
31046576
31114869
31221194
31284823
31284662
31282290
31279243
31277270
31266983
31262328
31260916
31257439
31300640
31300453
31297508
31291495
31291459
31288836
31288238
31211779
31249003
31225507
31308366
31249591
31234833
31300647
31233496
31249060
31234922
31318318
31303497
31307412
31324783
31300005
31320639
31322503
31324826
31332191
31342890
29934819
31195163
31368477
31366909
31350827
31349361
31331382
31346403
31269015
31333715
31375681
31367216
31393794
31393092
31387022
31386212
31384045
31379754
31375641
31369552
31356589
31395791
30694562
31481539
31477727
31477685
31477683
31452782
31464656
31466081
31455416
31461406
31451752
31450665
31443682
31424985
31428785
31426852
31453433
31404209
31443728
31399127
31462275
31510868
31509016
31506343
31506065
31504104
31501771
31501512
31497855
31494793
31485078
31477183
31484546
