30760334
30764717
30765504
30765773
30771258
30773972
30777123
30792424
30793194
30793472
30796027
30819252
30821575
30826615
30830696
30831210
30832291
30832715
30833390
30842548
30842553
30698680
30867049
30870065
30871403
30872662
30873861
30874594
30875430
30876376
30877840
30879037
30879057
30879397
30885044
30893429
30898171
30900359
30911103
30905381
30909978
30913233
30913238
30914725
30915882
30918249
30925934
30926763
30922215
30924596
30929737
30935889
30938765
30940212
30941597
30944378
30858345
30936186
30941158
30947592
30948436
30950195
30955436
30956810
30958317
30966798
30966880
30982733
30872577
30906879
30975860
30976086
30988170
30988719
30989176
30992551
30999858
31003786
31004082
31008534
31009935
31009952
31010371
31015461
31015518
31020763
31024609
31026301
31028648
31031804
31033411
31038702
31039056
31039828
31053557
31053723
31062658
31063461
31064978
31068700
31069058
31070508
31073081
31076557
31086609
31088362
31099405
31100065
31101124
30302724
30779925
31109152
31113906
31113950
31116258
31122292
31132961
31138013
31139831
31084332
31138268
31142478
31143935
31144443
31148503
31152171
31155008
31156022
31165884
31166810
31167428
31169496
31197173
29481604
31230816
31173057
31173577
31181146
31182156
31186427
31212707
31187518
31223786
31224475
31224595
31224898
31178122
31179817
31200609
31179827
31208937
31216310
31217032
31228611
31222117
31233934
31230546
31235674
31239533
31241004
31250700
31253200
31196964
31103351
31022588
30785999
31220268
31046576
31114869
31221194
31284823
31284662
31282290
31279243
31277270
31266983
31262328
31260916
31257439
31300640
31300453
31297508
31291495
31291459
31288836
31288238
31211779
31249003
31225507
31308366
31249591
31234833
31300647
31233496
31249060
31234922
31318318
31303497
31307412
31324783
31300005
31320639
31322503
31324826
31332191
31342890
29934819
31195163
31368477
31366909
31350827
31349361
31331382
31346403
31269015
31333715
31375681
31367216
31393794
31393092
31387022
31386212
31384045
31379754
31375641
31369552
31356589
31395791
30694562
31481539
31477727
31477685
31477683
31195163
31452782
31464656
31466081
31455416
31461406
31451752
31450665
31443682
31424985
31428785
31426852
31453433
31404209
31443728
31399127
31462275
31510868
31509016
31506343
31506065
31504104
31501771
31501512
31497855
31494793
31485078
31477183
31484546
