31213794
31258545
31278326
31211779
31249006
31249003
31249579
31227781
31225507
31266973
31244615
31211770
31221108
31258550
31275936
31235802
31275917
31235808
31214239
31263153
31253786
31236099
31270468
31250797
31296860
31209240
31278342
31235724
31231360
31308366
31246962
31249591
31234833
31221981
31293377
31281827
31245629
31293620
31300647
31278357
31216018
31287004
31286065
31240250
31262346
31277567
31277597
31233496
31231601
31231309
31221220
31235694
31220071
31216978
31253109
31249060
31234922
31231040
31221079
31231424
31222071
31272436
31237565
31288860
31307412
31333715
31288858
31324783
31312637
31300005
31253982
31289326
31248068
31321084
31320639
31307386
31269435
31332195
31320792
31316726
31334234
31311581
31342008
31316120
31341681
31272082
31316107
31354597
31331382
31341166
31338127
31346403
31354444
31269015
31354889
31323684
31316127
31356150
31334813
31315557
31337434
31315583
31307522
31295280
31289489
31291246
31333575
31297222
31315604
31285747
31288850
31275313
31355198
31331399
31379754
31380393
31372342
31323950
31375681
31369552
31366909
31379589
31379556
31358043
31323926
31329166
31329578
31363385
31306413
31357948
31367216
31366403
31349863
31363470
31306407
31372594
31367015
31372457
31363138
31384359
31371761
31284268
31379917
31284422
31358014
31384417
31372175
31379744
31372185
31379613
31423189
31404209
31409373
31443728
31433702
31427991
31433696
31409341
31396369
31457092
31462971
31461490
31395029
31457016
31427770
31427598
31392299
31467281
31428700
31440517
31440254
31452839
31451708
31417412
31457107
31408467
31477693
31395894
31419933
31399127
31417147
31471613
31443631
31428694
31417368
31403079
31416905
31391924
31462938
31404254
31413325
31395350
31406384
31439846
31453329
31443688
31398226
31444325
31405950
31455424
31475030
31455417
31444360
31392102
31419979
31417091
31409809
31453325
31448099
31443641
31409726
31477735
31427822
31427629
31413261
31409800
31431628
31383000
31439835
31404312
31451685
31462275
31434886
31464655
31396343
31455667
31447881
31413874
31428085
31452903
31449595
31419951
31456872
31423147
31395351
31428049
31391780
31421845
31417480
31399081
31388031
31446897
31395502
31470889
31408957
31492842
31477931
31481107
31492854
31477008
31477007
31422875
31484546
31477009
31475242
31408958
31482095
31439632
31426508
31501771
31492858
31489368
31477183
31496795
31416128
31481707
31440934
31481926
22422453
30871403
30867049
30873861
30874594
30876376
30879037
30879397
30870065
30893429
30872662
30900359
30885044
30698680
30877840
29860346
30879057
30875430
30821575
30832291
30793194
30831210
30826615
30819252
30830696
30832715
28603561
30833390
30760334
30765504
30765773
30771258
30773972
30792424
30796027
30777123
30842548
30842553
30764717
30736859
30669119
30704927
30732658
30732639
30721705
30718923
30718529
30709850
30709331
30705257
30706728
30635417
30619480
30670627
30631468
30624029
30587240
29676998
30650672
30643296
30559489
23217325
30450724
30397358
30425263
29706550
30173918
30427307
30439595
30072576
29506027
30279435
30333496
30032232
29456084
30140739
30291282
30055357
30248838
30273333
30048243
30077874
30242228
30016711
30232290
29998287
30093547
30079798
29893918
30136078
30120223
30176915
30185669
29935799
29988127
29790956
30166545
29547942
29775682
29542109
30002084
29693419
29957030
29891976
29325019
29632380
29617535
27321947
29381404
28855307
29325449
29399631
29374233
29310692
23541543
21422862
17228752
12635965
2025725
21561975
27187070
28825715
27980682
28149326
27690265
29160179
28528868
29047346
29044988
28824732
28637190
28927436
28869584
28809857
28630453
28622505
28368004
27217153
28630479
28615041
28282966
28556790
28419547
28569836
28537256
25424551
28480579
28388429
28500316
28515798
28517981
28484249
28494218
28498935
28470095
28473536
28475762
28115635
28462942
28057051
27965295
27591263
28351387
28225755
28234021
28289216
28193155
28165855
27717399
27717397
28002404
28095459
28198702
27998780
28213474
28211912
28198392
28193886
28092683
28168293
28165116
28150704
28147265
28149327
28118844
27013061
28115406
28129601
28128194
27994001
27918982
27922636
27955697
28067913
27918535
27869828
25869828
27891191
27843151
27818178
27835649
27005421
27644593
27716309
27323799
27019159
27687885
27648526
27572077
27511193
27568547
27498152
26673150
27074206
27455349
27358653
27336614
26997371
26292806
27142380
27219535
26551669
26956984
25660083
26912859
26956433
26854917
26861414
26824653
26699896
26813288
26095709
26414678
26717317
26140449
26287746
26449484
25642630
26390057
26449472
26433941
26181258
26316348
26323059
26288249
26046444
25690853
26170291
25634236
26061800
26030523
25915600
25970091
25862628
25886572
25693563
25707804
24997565
25633388
25324151
25541553
24630777
25249537
25437055
22232023
23070629
23175441
23332324
23334450
23526956
23691101
23868178
24120260
24163245
24170695
24253112
24278132
24334605
24477300
24500968
24559495
24561991
24603599
24655651
24704585
24906187
24920721
25003289
25052007
25075435
25129075
25129077
25282492
25325195
25325234
25404168
25424692
25476734
25552657
25556184
25583993
25612291
25617346
25650246
25663950
25855716
25855720
25888029
25935004
25944819
26110892
26119815
26192630
26244061
26404063
26441693
26483836
26499864
26500701
26508088
26553366
26563994
26619905
26643952
26646899
26667048
26681806
26731791
26743604
26756918
26771251
26798409
26826776
26829059
26857698
26864933
26889969
26953979
26973132
27015559
27019061
27040690
27058926
27105112
27142338
27171005
27236499
27358489
27366929
27383059
27448387
27564309
27564456
27602958
27651444
27672717
27777315
27824951
27826092
27832094
27839851
27884142
27886173
27898055
27982729
27993549
28032437
28056824
28062490
28067321
28069425
28074145
28127622
28139377
28173150
28194238
28213390
28225026
28264723
28394087
28439531
28535255
28540928
28550290
28556291
28558807
28595673
28618313
28621160
28624579
28654093
28686328
28693600
28708104
28785368
28811542
28814982
29086770
30793472
30898171
30911103
30905381
30909978
30913233
30913238
30914725
30915882
30918249
30925934
30926763
30922215
30924596
30929737
30935889
30938765
30940212
30941597
30944378
30858345
30936186
30941158
30947592
30948436
30950195
30955436
30956810
30958317
30966798
30966880
30982733
30872577
30906879
30975860
30976086
30988170
30988719
30989176
30992551
30999858
31003786
31004082
31008534
31009935
31009952
31010371
31015461
31015518
31020763
31024609
31026301
31028648
31031804
31033411
31038702
31039056
31039828
31053557
31053723
31062658
31063461
31064978
31068700
31069058
31070508
31073081
31076557
31086609
31088362
31099405
31100065
31101124
30302724
30779925
31109152
31113906
31113950
31116258
31122292
31132961
31138013
31139831
31084332
31138268
31142478
31143935
31144443
31148503
31152171
31155008
31156022
31165884
31166810
31167428
31169496
31197173
29481604
31230816
31173057
31173577
31181146
31182156
31186427
31212707
31187518
31223786
31224475
31224595
31224898
31178122
31179817
31200609
31179827
31208937
31216310
31217032
31228611
31222117
31233934
31230546
31235674
31239533
31241004
31250700
31253200
31196964
31103351
31022588
30785999
31220268
31046576
31114869
31221194
31284823
31284662
31282290
31279243
31277270
31266983
31262328
31260916
31257439
31300640
31300453
31297508
31291495
31291459
31288836
31288238
31318318
31303497
31322503
31324826
31332191
31342890
29934819
31195163
31368477
31350827
31349361
31393794
31393092
31387022
31386212
31384045
31375641
31356589
31395791
30694562
31481539
31477727
31477685
31477683
31452782
31464656
31466081
31455416
31461406
31451752
31450665
31443682
31424985
31428785
31426852
31453433
31510868
31509016
31506343
31506065
31504104
31501512
31497855
31494793
31485078
31549747
31549173
31544250
31543890
31542994
31542509
31541442
31538540
31537805
31537687
31536415
31536135
31535203
31534676
31534549
31533525
31530476
31529551
31527639
31527307
31521637
31521506
31517059
31515844
31515109
31514268
31513634
31512544
31510935
31509757
31506096
31506062
31504743
31504733
31501549
31496624
31488832
31488723
31481828
31480430
31474564
31471761
31470287
31468362
31454543
31452957
31451660
31450981
31451874
31526398
31467051
31523367
31506492
31508241
31530287
31535015
31516176
31528362
31538144
31447098
31534666
31519222
31508503
31479437
31469830
31515501
31510660
31484785
31511496
31501157
31526476
31513639
31496079
31538138
31510643
31538139
31538128
31507631
31534265
31527586
31511532
31510655
31500627
31514731
31510916
31510704
31488212
31538136
31533842
31506599
31447100
31455884
31562690
31558833
31558218
31556946
31555951
31554518
31554341
31553743
31552803
31552329
31552104
31552061
31545638
31600550
31600381
31599475
31598751
31596886
31596367
31596135
31595951
31594917
31594537
31591588
31591380
31589963
31588232
31587037
31584095
31584093
31583916
31583666
31583639
31580390
31578260
31574102
31572451
31569550
31569353
31566019
31555261
31500829
31559012
31554804
31502824
31558162
31575865
31548722
31551420
31555578
31551866
31555746
31551593
31527278
31523933
31558711
31552249
31558995
31575856
31552082
31551426
31572435
31501319
31501517
31562340
31559010
31550250
31530573
31583280
31570708
31585526
31570750
31570515
31554806
31552094
31564857
31555266
31552042
31582941
31572379
31543077
31552098
31579622
31527661
31530853
31559341
31552245
31625566
31616461
31615550
31614870
31614738
31611402
31609642
31608087
31607210
31606033
31602368
31601636
31601260
31601979
31594536
31611879
31608106
31598572
31582723
31608310
31607977
31582733
31616406
31601251
31608105
31598132
31594949
31590652
31611556
31604922
31602316
31582393
31570490
31582756
31594549
31616544
31604971
31611911
31608101
31594934
31597556
31616436
31673072
31670388
31669406
31668705
31667917
31667312
31666072
31665024
31662436
31661923
31660973
31660654
31659274
31657619
31652233
31651337
31647592
31645664
31642367
31641693
31641075
31640805
31640781
31640099
31639064
31637882
31636941
31636452
31636290
31630981
31630459
31628932
31624251
31632350
31660128
31620143
31640709
31638889
31636302
31636250
31653841
31624269
31653860
31649710
31636939
31636938
31632690
31653960
31649728
31649699
31636605
31639042
31636280
31645609
31640538
31632970
31636271
31601707
31649260
31622411
31641117
31624239
31645592
31640808
31589602
31651351
31615571
31649729
31628391
31615392
31616013
31616039
31649619
31601237
31647409
31575610
31698394
31696914
31695792
31695765
31695254
31693144
31691802
31690011
31685013
31684967
31683572
31683443
31683097
31682847
31682807
31681403
31680172
31678155
31677869
31677277
31676691
31675985
31672132
31666940
31681140
31681422
31681408
31680821
31653226
31609978
31665742
31597307
31664045
31673306
31596850
31659193
31662603
31672989
31605942
31681842
31653198
31599933
31652442
31681430
31661019
31665072
31663031
31681296
31680997
31596728
31726061
31721695
31721535
31719968
31719113
31713163
31711419
31710739
31710662
31709602
31708974
31708967
31708732
31708418
31705138
31703168
31703150
31702008
31701892
31701777
31701771
31699840
31648319
31703618
31704910
31665138
31694669
31708823
31712551
31704941
31700537
31633864
31694977
31699133
31671092
31692979
31696116
31676805
31719529
31712607
31692858
31699985
31693680
31687268
31703553
31695675
31695915
31628024
31694641
31699087
31706318
31666522
31747604
31746071
31745236
31745090
31744900
31744513
31744183
31739727
31739726
31738755
31738745
31738163
31738005
31737984
31731604
31728810
31728625
31727924
31727104
31715087
31728433
31676860
31682707
31651856
31711526
31711545
31659325
31636200
31723358
31635387
31727888
31688586
31804560
31803237
31801625
31801612
31801406
31799379
31798540
31797753
31796082
31796056
31796052
31794632
31794247
31793401
31793059
31791327
31789449
31785412
31784612
31781648
31779682
31779677
31775878
31775875
31772762
31770753
31770025
31769541
31768671
31768620
31765834
31762318
31762227
31757035
31757015
31756325
31755748
31754096
31752682
31783894
31767035
31775873
31779622
31767039
31780969
31768481
31748532
31737775
31767861
31768375
31748747
31740837
31730017
31767839
31771638
31759576
31749790
31737054
31694844
31742107
31754283
31742247
31704709
31772231
31792207
31740835
31736810
31762718
31776335
31730021
31779688
31788002
31781161
31748530
31740673
31737053
31763513
31737665
31737341
31737035
31788050
31763364
31781662
31712436
31779681
31737041
31829249
31828978
31827900
31827492
31822664
31818188
31815403
31814020
31812845
31811260
31808196
31807905
31807615
31806421
31791395
31780646
31798626
31798629
31717838
31814982
31798416
31751364
31721764
31771951
31801613
31791392
31731199
31772264
31717711
31731641
31798464
31754873
31798171
31797917
31796735
31791340
31754043
31811132
31740773
31801603
31775028
31803181
31798463
31718084
31798691
31812181
31796815
31799338
31807007
31770406
31805986
31798412
31819694
31743345
31793432
31915053
31914996
31914674
31914673
31913647
31910897
31910894
31910887
31910432
31906954
31905969
31900918
31900413
31900199
31900157
31898747
31898146
31896557
31896238
31892342
31892232
31890818
31889956
31889115
31888295
31887778
31887709
31887137
31886571
31882500
31881335
31874630
31874275
31874209
31872233
31869513
31867747
31860637
31856890
31854516
31852831
31852353
31850060
31850038
31847873
31845735
31843869
31843015
31842975
31842685
31837447
31837177
31835093
31833902
31833403
31831790
31831061
31844073
31856190
31849831
31878957
31823830
31850055
31834386
31887157
31911595
31886034
31862877
31901636
31839003
31832140
31850058
31828161
31856714
31852892
31844048
31871960
31819045
31892941
31881937
31881848
31873145
31850372
31849644
31842725
31844665
31865918
31831741
31824660
31881020
31888538
31848367
31852467
31882710
31911629
31849330
31831742
31824860
31821322
31892361
31902950
31877125
31911640
31852448
31836807
31827573
31870308
31862893
31850078
31827175
31875561
31824328
31888440
31881887
31871829
31910858
31888770
31884969
31856914
31844061
31820804
31824577
31826091
31824554
31864401
31911898
31843922
31862007
31888670
31911806
31890879
31824312
31872140
31836704
31838836
31886035
31882694
31848830
31824374
31823029
31831960
31867335
31867042
31863083
31835027
31889904
31857895
31842943
31911897
31890032
31871830
31897268
31890034
31847894
31892367
31892350
31889537
31880793
31867127
31857576
31851703
31848205
31847916
31794592
31810186
31841597
31792462
31801211
31831772
31861999
31811163
31842976
31792064
31813068
31818951
31811372
31874648
31822674
31795914
31867319
31797391
NA
31971976
31969992
31969898
31969344
31968548
31965233
31963661
31961222
31960375
31959915
31959221
31957007
31956794
31955403
31954735
31953105
31950130
31949408
31949407
31949313
31945786
31945409
31943067
31941723
31941450
31941101
31939781
31938574
31937365
31932625
31931956
31931860
31928219
31927072
31926166
31925873
31925088
31923469
31921293
31920948
31949406
31921300
31949403
31931698
31924771
31931710
31949404
31949402
31949409
31959876
31921278
31920990
31959742
31921306
31921559
31920531
31949146
31921275
31934359
31959851
31921716
31919418
31953506
31949157
31931702
31931697
31918656
31956652
31921280
31911677
31934007
31937331
31915063
31920981
31905427
31920963
31920714
31959281
31953484
31953400
31921397
31888150
31949395
32024564
32020652
32019413
32019381
32019269
32019179
32017710
32017278
32015217
32014062
32012149
32012148
32007686
32005108
32004439
32003827
32003784
32000686
32000657
32000042
31999706
31998359
31998221
31996072
31995399
31993614
31992337
31992218
31992121
31989558
31989557
31987054
31985870
31985744
31983058
31981007
31976183
31974418
31926111
31988799
31978117
31976442
31949252
31993111
31969180
31998360
31988591
31974348
31941995
31980739
31969149
31965016
31969597
31935258
31999568
31984240
31964769
31984238
31941967
31980033
31969897
31964400
31955711
31993220
31980037
32073884
32071439
32071425
32071208
32068032
32068019
32067420
32066674
32062069
32061050
32060620
32059791
32058614
32057912
32057305
32056783
32056496
32056059
32051591
32051532
32049268
32048126
32047265
32042449
32042156
32041604
32041475
32038707
32038103
32037456
32034291
32034170
32033992
32033622
32033143
32032802
32032585
32031203
32030086
32033565
32041686
32009914
32029221
32051642
32042316
32015323
32042192
32038323
32039401
32041952
32039240
32038697
32024459
32039210
32015379
32042461
32042456
32019485
32039346
32041685
32029002
32014034
32047148
32025281
32041662
31978080
32014011
32051931
32024834
32034124
32038708
32032514
32005911
32004450
31978332
32038308
32041948
31996736
32010189
32010183
32047745
32038719
32029736
32024818
32010182
31985400
32047643
32014019
32010175
32010484
32042753
32047622
32028068
32021524
32033591
32028983
32024530
32014031
31959917
32033589
32009952
32009827
32021933
32163803
32163194
32162327
32162118
32161338
32160902
32160291
32160036
32159848
32156786
32155174
32154977
32154558
32151655
32151281
32151270
32151087
32150651
32149736
32147909
32144264
32143689
32140888
32138668
32135139
32127923
32127659
32127627
32125973
32123240
32122684
32119067
32114984
32114880
32111940
32111906
32109236
32107990
32106815
32105887
32103819
32097025
32093698
32090979
32090865
32090785
32090699
32089064
32088898
32088889
32088888
32088886
32088759
32087494
32085844
32082368
32081560
32080920
32078381
32077039
32075955
32075680
32063877
32064321
32111184
32099849
32051239
32107388
32070430
32090515
32140259
32118202
32103259
32066731
32066663
32075678
32059762
32098997
32084330
32109418
32092095
32095734
32066699
32117439
32116676
32107378
32079541
32063853
32050893
32128442
32069291
32116778
32103011
32111236
32140182
32140136
32066501
32140462
32102814
32109421
32133402
32098957
32081875
32117222
32111830
32064261
32098967
32094344
32117461
32076432
32041882
32111823
32094379
32066696
32127534
32086476
32073748
32132541
32053595
32117412
32083210
32056774
32079705
32059710
32117969
32101585
32117954
32076600
32117762
32117422
32076487
32071383
32058996
32051003
32041867
32094409
32110248
32133028
32117725
32104705
32132975
32066498
32095079
32108144
32199819
32194853
32194204
32193514
32190749
32189710
32189172
32188935
32188493
32187810
32187373
32187233
32185515
32184705
32180791
32176716
32176529
32174972
32174965
32173350
32171335
32170999
32170004
32169413
32166971
32166321
32164769
32178731
32145677
32166220
32138755
32127008
32085670
32080740
32080151
32139741
32157125
32098209
32184601
32144282
32077223
32131869
32180795
32158610
32139709
32127602
32108282
32098040
32154030
32143708
32159514
32118373
32148772
32085582
32183722
32152282
32084387
32092075
32174962
32164600
32149610
32151973
32184442
32107650
32127586
32161809
32153638
32079300
32180562
32092988
32143662
32134010
32119686
32195249
32174806
32174843
32161905
32194989
32175273
32143735
32139796
32085420
32161756
32093249
32194984
32143723
32184383
32240714
32240642
32240595
32238836
32238162
32237968
32236829
32235270
32234868
32234487
32228717
32228436
32228351
32227215
32226005
32223500
32221967
32221779
32218500
32213750
32212948
32211026
32211019
32208352
32204454
32203862
32203468
32202197
32165663
32131513
32216821
32170143
32188927
32198422
32210226
32155988
32211007
32226345
32206652
32126024
32221288
32218440
32193507
32193382
32179833
32211199
32206710
32196497
32125007
32182891
32218839
32201767
32218857
32193368
32197576
32226785
32201576
32170105
32218615
32126023
32191705
32206740
32140846
32211384
32209454
32211324
32132206
32168507
32155842
32198361
32207266
32226593
32320661
32317010
32313869
32308120
32303840
32303053
32300237
32298708
32298288
32297856
32297305
32296636
32296077
32296024
32293435
32292416
32290791
32290543
32290118
32290091
32275652
32273577
32272161
32269268
32265751
32264938
32264874
32258002
32256504
32252966
32252817
32252795
32251296
32250712
32249338
32245519
32244273
32243864
32243820
32242226
32241255
32245523
32231389
32210102
32248841
32252797
32272900
32234052
32213287
32264940
32223889
32242144
32231278
32255787
32273901
32270049
32267853
32259026
32231873
32296573
32274260
32244851
32231244
32265984
32209966
32245482
32292574
32275720
32265841
32277087
32271837
32264818
32264931
32228713
32228704
32294194
32250739
32299354
32283524
32270138
32268280
32257349
32245974
32242071
32292581
32202508
32269838
32204415
32300588
32296305
32258024
32245099
32277151
32234056
32257049
32296685
32258038
32204305
32269391
32296688
32203052
32296700
32296439
32266012
32273824
32210163
32276137
32350249
32349667
32349189
32347401
32346919
32346324
32345961
32345361
32343731
32342433
32339927
32337471
32333838
32332866
32332111
32330418
32329128
32327964
32327008
32324922
32324312
32324221
32321915
32229699
32296058
32332443
32290086
32319721
32316985
32317632
32309638
32327632
32317640
32266926
32318239
32309395
32234480
32318338
32295632
32321578
32324732
32299488
32323775
32319643
32332728
32317634
32313009
32299494
32275709
32299393
32332799
32327693
32296059
32296054
32332764
32318089
32296102
32243438
32328125
32319572
32293332
32309439
32299339
32322820
32309306
32234473
32299435
32322555
32311011
32318095
32308746
32341987
32322368
32407802
32406600
32404903
32401319
32398718
32397602
32397453
32395443
32393379
32391874
32388794
32388307
32385526
32385148
32381626
32381493
32380793
32378698
32376450
32375885
32375395
32373154
32371941
32366930
32366211
32365524
32363570
32362325
32361995
32357961
32354366
32366326
32345347
32366819
32300005
32346601
32364595
32381021
32345213
32359368
32373361
32351541
32355739
32310995
32345984
32358547
32310941
32303558
32368197
32377378
32366330
32379807
32313248
32345373
32291332
32355715
32373157
32366958
32363032
32368187
32373161
32373153
32352494
32310939
32375881
32371927
32366252
32358504
32351501
32315986
32302299
32368389
32315284
32357944
32371375
32327612
32348348
32357906
32294453
32357829
32366311
32387301
32375837
32349784
32345368
32353747
32312814
32459505
32457988
32453742
32451840
32451719
32449991
32448018
32445100
32445099
32445095
32443666
32442533
32439070
32435427
32431745
32429430
32429084
32428554
32427748
32424068
32423419
32420331
32419198
32416664
32415273
32415241
32414868
32413274
32412047
32410669
32344535
32415195
32386555
32426451
32408813
32385268
32431664
32425817
32399472
32382064
32440573
32398742
32405341
32376862
32425606
32408873
32440155
32390948
32398001
32339226
32421184
32435671
32391377
32407587
32435465
32398653
32341051
32410704
32420297
32375858
32391853
32390946
32385265
32376654
32405262
32425971
32395629
32393257
32404186
32398033
32425942
32411129
32420374
32425783
32382041
32347765
32411817
32381551
32411047
32411642
32440291
32431014
32430985
32393329
32390810
32339108
32425837
32391378
32398775
32425818
32438410
32393363
32525743
32523041
32522876
32522384
32520974
32520614
32519815
32516006
32516005
32514149
32514046
32513305
32512761
32511103
32509433
32508769
32508765
32508059
32503816
32503656
32503626
32498593
32497070
32496132
32496131
32496000
32493484
32493461
32493412
32491251
32489015
32487875
32487258
32487203
32484729
32484362
32483276
32482784
32478847
32476988
32474592
32471342
32471127
32470185
32469807
32463946
32463597
32461553
32461362
32487212
32457596
32475352
32508805
32424032
32493224
32448301
32477180
32442408
32427991
32407310
32508594
32467664
32511473
32427856
32413284
32454570
32450911
32487054
32480123
32421729
32494609
32477401
32424349
32499729
32489693
32477032
32489698
32498674
32471981
32469933
32478020
32454090
32496909
32392798
32457811
32457738
32497898
32496918
32492392
32477316
32489587
32471470
32460841
32427823
32477412
32499816
32461613
32450567
32408895
32493226
32448218
32511461
32493431
32503578
32460767
32442411
32424069
32414326
32509442
32397080
32453735
32514275
32507496
32478281
32450864
32462102
32414321
32505195
32477490
32508873
32478023
32467862
32499725
32424074
32406866
32500051
32500074
32457796
32504875
32407400
32489454
32493501
32444798
32462093
32460837
32448189
32421698
32495121
32477370
32435743
32585597
32584820
32583859
32583558
32581665
32580727
32579259
32577795
32576853
32576230
32574963
32572256
32571725
32569636
32568373
32565997
32561758
32561708
32559455
32555663
32554751
32552962
32552834
32551139
32547963
32547876
32546146
32543182
32540397
32540372
32539856
32533974
32527045
32510146
32513961
32566744
32515735
32497122
32470948
32523345
32488091
32523526
32571208
32552915
32550550
32522982
32547600
32511628
32492067
32577506
32552674
32466216
32555505
32547558
32565911
32537479
32520936
32518889
32513310
32499648
32547262
32549751
32459177
32547040
32518239
32555176
32533074
32532224
32540194
32541825
32552747
32566745
32555180
32529808
32455614
32469868
32528944
32546850
32546136
32514083
32499647
32492095
32528159
32528656
32461378
32550006
32533064
32523959
32547192
32529050
32514014
32523636
32550000
32523045
32463358
32555229
32543653
32537471
32468637
32525877
32555468
32552912
32522981
32525932
32532298
32528136
32557332
32562137
32645488
32645449
32642165
32641122
32641083
32640235
32638524
32635641
32633672
32632436
32631423
32630231
32629766
32629249
32628355
32628254
32627097
32623100
32620158
32619300
32618141
32617797
32616859
32616021
32614431
32613240
32606567
32605309
32603190
32600451
32599690
32597952
32597949
32596638
32590150
32587297
32586373
32579791
32616071
32582603
32605651
32584862
32616758
32576278
32587891
32580750
32606959
32612244
32586322
32574161
32542026
32516569
32625125
32595586
32581985
32606874
32596441
32591528
32581223
32612641
32605541
32576165
32626706
32586194
32612803
32581322
32520939
32606422
32601291
32595701
32581226
32617297
32591598
32587327
32582847
32581570
32594908
32579612
32612756
32576878
32580755
32612736
32620875
32625189
32587408
32582503
32617298
32613204
32612943
32517194
32615974
32512748
32612268
32612640
32625242
32607408
32580754
32617195
32606804
32616016
32526941
32577695
32600277
32731254
32728242
32728162
32728124
32727556
32726623
32723795
32722792
32722770
32722461
32719798
32719340
32718350
32712664
32712292
32711505
32710740
32710526
32709850
32709847
32708910
32707764
32706863
32705498
32705281
32698480
32697766
32697195
32693820
32692944
32690065
32689934
32688456
32687192
32685988
32685970
32684367
32684154
32681572
32681488
32679516
32678220
32678018
32677467
32671792
32671182
32670736
32670620
32670358
32667642
32664853
32664313
32663104
32661777
32660331
32660325
32655936
32654262
32653021
32651463
32650713
32650186
32647069
32646968
32630630
32601237
32661326
32666030
32660606
32698867
32704018
32637594
32704093
32676624
32637052
32671096
32656337
32637948
32629387
32699220
32642955
32599859
32680461
32699300
32638561
32661262
32637632
32702059
32670102
32637041
32684958
32636398
32695677
32684802
32670198
32629679
32658288
32620865
32714484
32655354
32644097
32636848
32609762
32614952
32680998
32699404
32671006
32665587
32665031
32651461
32632093
32631406
32653024
32699851
32678081
32620744
32651404
32709872
32620889
32603359
32647272
32704063
32671061
32699128
32660416
32670504
32637152
32631437
32657363
32655414
32655276
32649876
32636391
32620809
32647312
32670371
32677986
32645824
32656360
32620763
32678138
32684732
32605217
32668536
32656486
32663218
32696924
32699327
32599769
32716721
32695216
32637185
32666035
32703940
32685480
32685241
32714605
32694738
32669118
32652468
32645038
32637577
32636772
32657382
32678007
32632177
32649873
32694610
32637540
32655372
32685009
32620673
32695267
32709863
32699209
32695959
32710819
32669958
32655392
32667908
32690515
32680558
32599754
32686712
32628720
32670880
32704384
32879421
32878347
32877994
32877673
32875585
32875472
32869846
32869528
32868581
32867540
32861879
32859263
32855654
32854766
32853717
32850787
32850550
32849822
32849814
32849763
32844198
32843700
32843619
32842619
32841636
32841424
32841214
32835371
32832324
32831145
32827252
32825765
32825620
32824654
32822051
32822048
32822045
32822041
32822040
32822029
32822021
32821544
32821011
32817081
32816579
32815760
32814113
32813261
32813009
32810831
32809300
32807949
32807851
32806596
32805005
32803843
32803238
32799817
32799603
32795589
32795493
32790008
32789163
32788176
32787975
32784971
32782676
32781212
32778176
32776277
32775421
32774342
32766608
32765660
32764609
32764425
32763298
32763279
32762727
32761076
32758449
32755656
32754889
32754683
32753546
32751422
32749195
32749174
32745807
32745538
32744362
32741373
32736792
32736574
32733030
32702792
32850808
32807767
32722322
32856008
32762768
32750074
32743556
32793698
32801978
32864379
32827112
32776978
32724310
32854783
32793804
32831433
32826857
32782262
32737319
32848551
32793500
32788681
32780218
32807079
32736658
32855416
32704051
32819411
32850870
32724165
32839459
32734931
32821139
32797036
32765967
32724101
32747663
32826893
32817676
32728217
32693092
32801330
32758128
32849808
32848635
32828189
32826895
32849047
32692766
32765258
32722415
32804935
32839576
32821273
32804946
32774879
32774401
32770063
32761098
32753378
32728247
32843640
32780577
32744501
32732867
32728406
32754641
32811491
32848148
32796837
32727353
32703884
32849810
32849535
32774855
32743107
32721387
32810184
32850866
32849799
32703808
32736521
32709145
32850930
32785256
32728240
32849817
32849788
32733890
32774919
32734142
32864568
32706746
32765783
32807809
32796912
32793890
32747711
32737409
32696734
32831138
32802002
32747698
32737316
32708345
32764552
32762714
32826890
32814038
32804959
32774344
32762654
32728250
32848374
32812909
32801815
32797044
32785234
32867763
32843070
32760811
32728101
32716714
32719115
32822378
32708644
32839455
32820185
32804369
32765975
32764605
32760472
32732921
32731901
32728249
32718982
32717640
32709743
32687525
32705270
32737166
32724399
32802468
32850327
32701143
32798912
32849827
32727516
32863903
32848865
32850463
32874256
32698400
32708742
32760119
32724427
32754117
32737335
32724827
32743532
32793708
32774722
32733828
32847928
32821776
32801403
32754043
32705500
32743503
32874774
32874516
32849855
32770025
32719125
32709004
32849929
32817962
32832011
32837038
32818441
32765578
32774172
32859265
32774787
32762764
32854615
32850739
32849835
32849837
32790754
32727060
32707756
32796876
32698000
32733914
32857162
32843909
32817785
32735637
32774159
32806543
32848627
32792491
32853545
32774170
32854757
32802896
32742561
32905848
32905263
32903639
32902349
32902216
32901515
32894817
32892244
32891645
32891597
32890700
32889533
32886694
32885222
32885175
32884136
32883324
32784689
32880574
32870927
32796712
32889243
32859912
32784741
32859967
32806509
32884031
32796726
32784503
32879408
32781547
32880873
32784383
32873815
32884284
32855387
32867824
32824125
32879760
32873319
32824407
32889088
32859930
32867803
32823933
33002217
33001180
32999320
32997990
32991610
32991460
32988966
32988399
32988329
32984351
32979622
32978449
32978376
32973866
32971738
32970817
32970815
32967142
32967004
32966991
32964196
32963246
32961747
32961406
32959992
32958748
32958588
32957498
32954504
32951551
32951333
32951127
32950925
32946765
32944913
32944912
32944600
32941995
32941642
32938793
32938193
32933554
32933168
32930636
32930325
32928872
32928291
32928285
32927466
32927122
32926213
32923634
32922438
32920789
32919612
32918118
32917208
32916427
32914644
32913184
32913127
32917280
32917924
32973790
32962699
32907551
32930613
32967681
32973872
32878058
32904719
32905378
32923457
32949770
32973253
32954289
32917273
32903507
32868313
32974607
32922262
32888527
32955435
32917675
32912314
32903514
32888493
32967714
32912427
32926115
32973881
32973408
32904806
32898326
32888494
32887352
32917270
32928150
32967728
32976800
32957037
32939320
32973889
32983086
32917597
32887889
32941478
32912334
32873667
32952607
32937430
32923150
32877400
32894192
32964108
32879318
32982666
32878914
32931100
32917883
32938281
32939436
32963314
32943088
32973863
32962634
32894181
32885250
32883689
32948203
32922208
32973211
32977850
32948364
32913718
32867076
32954330
32905279
32887359
32905139
32905224
32960281
32984307
32982984
32953932
32973543
32903511
32903447
32984314
32983960
32972417
32952937
32929120
32923839
32909943
32873611
32904753
32958048
32905102
32963633
32922728
32922179
32973742
32905435
32974125
32926074
32917850
32923642
32953885
32951606
32934764
32912332
32903570
32912338
32933477
32926103
32946781
32919101
32958812
32948238
32922965
33032078
33031589
33031487
33028632
33028374
33028190
33024279
33023650
33023569
33022811
33020990
33020926
33020206
33016948
33016611
33014534
33013956
33013899
33012783
33010306
33008450
33008446
33007577
33005893
33005183
33005105
33003475
32934233
33005139
33015626
33005177
33014018
32995808
33004997
32995156
33013993
33013347
32994467
32997995
32986714
32956347
33012899
32943643
33005726
33004991
32970095
32948743
32934226
32946435
33001993
32929078
32925947
32915782
33004971
32948744
32999534
32999944
33014361
33013480
33013433
32970748
32920953
33014166
32988404
33013350
33015061
32988383
33048947
33048617
33048426
33048379
33048117
33046126
33045984
33039728
33039572
33039529
33038041
33036415
33023731
33024907
33033935
32968041
33013968
33013664
33008459
33008305
33005209
32999407
32978147
33033488
33029209
32968074
32951553
32961112
32963231
32946763
33023654
33038424
33028202
33000230
33000281
33038383
33023625
33029282
32967067
33033755
32968275
33017217
33033576
32965736
32951554
33033579
33082556
33081814
33081725
33081685
33079621
33076494
33074045
33070807
33070182
33069246
33066102
33062306
33060755
33060108
33059731
33059309
33058355
33058273
33054850
33054565
33052030
33051931
33051252
32951546
33043173
33072747
33046718
32999390
33042204
33041753
33004804
32986727
33071632
33042976
33042925
33056981
33033260
33017466
33033295
33037176
33037294
33037222
33032658
33031386
32999275
33067439
33060583
33060578
33004791
32961973
33061690
33072742
33041996
33028195
33042742
33031392
33052339
32955565
33041323
33045983
33046980
33017027
33042584
33202445
33202377
33198820
33198349
33198240
33194643
33193638
33193625
33193611
33193605
33193003
33192735
33191850
33188779
33187526
33187005
33185669
33185489
33185247
33184947
33184255
33182819
33178681
33178099
33177521
33175399
33174010
33173928
33171417
33167873
33159718
33155827
33152763
33152445
33151971
33150670
33148267
33148262
33146735
33146725
33145876
33144501
33143725
33139747
33137917
33134824
33134768
33134510
33133257
33133131
33131831
33131171
33130898
33129307
33127576
33126823
33125335
33125040
33121895
33121409
33120085
33113958
33113271
33110605
33109754
33106332
33104735
33104199
33100131
33099541
33096840
33096636
33096472
33093117
33092652
33092643
33092629
33092459
33120888
33195260
33109080
33179594
33101381
33101214
33088334
33122634
33178175
33138218
33143739
33072152
33093800
33163982
33149216
33132930
33127880
33098772
33083754
33173502
33167354
33153221
33135337
33106757
33193685
33178814
33117794
33114506
33093534
33194177
33134238
33051755
33101212
33102237
33147241
33049931
33083012
33076993
33193703
33144568
33113372
33106633
33097823
33057200
33066450
33077861
33065985
33110158
33093530
33088973
33071759
33134500
33193743
33193532
33138777
33116142
33113946
33099379
33096122
33052100
33195248
33103157
33066754
33178340
33088477
33102491
33178661
33157516
33120819
33120782
33193730
33088589
33134294
33152005
33081635
33099088
33128002
33060642
33086711
33117703
33117504
33061403
33087140
33179015
33192689
33193564
33192734
33102956
33113358
33053801
33193667
33050425
33093130
33092598
33154357
33082346
33075057
33160328
33057025
33173903
33173895
33128006
33117333
33106475
33096487
33093602
33079133
33063668
33045005
33038664
33106554
33092534
33139814
33095761
33168808
33152014
33101398
33134611
33092526
33122872
33144314
33133424
33081811
33194754
33192264
33178426
33173533
33168059
33148256
33133123
33122695
33121461
33110075
33101389
33099405
33097530
33086062
33077858
33076821
33042282
33086571
33142938
33173339
33093567
33125143
33103056
33125153
33114753
33193633
33101015
33194355
33172418
33050415
33173933
33162998
33099087
33195484
33112407
33195471
33076469
33143364
33147797
33173729
33133129
33163940
33066530
33049988
33167418
33093954
33184498
33154949
33127913
33123259
33122723
33108271
33087347
33082168
33073517
33059726
33036978
33036464
33162985
33193373
33193604
33177501
33106496
33097816
33054706
33050604
33192369
33193727
33115744
33102213
33092094
33062669
33106742
33178776
33050625
33194705
33117267
33193015
33102963
33081421
33071985
33193606
33110201
33102218
33050664
33115496
33088611
33050006
33059815
33195409
33141063
33193348
33092125
33076219
33194826
33076907
33123024
33090998
33093443
33115454
33135109
33135400
33104469
33101211
33192299
33117368
33123152
33082024
33063089
33168968
33127686
33173438
33173887
33195353
33307532
33306680
33304900
33304451
33303027
33302876
33301219
33301041
33300025
33298857
33298174
33298155
33296905
33296237
33296097
33293536
33291301
33290556
33290095
33289590
33288854
33279932
33279859
33278554
33277923
33276527
33275892
33275450
33272320
33268789
33268382
33268291
33267929
33267854
33266012
33260869
33258948
33257653
33256542
33255930
33249490
33247227
33245438
33243154
33240529
33239708
33239447
33239103
33237575
33235224
33235198
33234153
33234150
33234142
33233854
33233407
33232934
33232890
33232214
33231641
33230530
33229221
33228774
33227132
33225883
33221306
33219693
33219204
33218336
33217317
33216996
33216750
33215951
33214203
33213418
33208194
33205092
33203445
33203436
33202590
33261550
33230298
33203349
33233812
33262758
33230324
33186096
33256844
33208145
33207612
33268865
33256852
33210602
33202604
33276735
33225112
33292805
33269109
33303764
33191917
33294798
33262685
33240929
33228792
33281882
33228781
33263727
33282895
33272453
33182250
33238469
33235214
33214906
33277640
33216740
33209260
33199916
33180766
33203726
33215166
33294291
33245585
33207804
33270727
33225198
33224136
33204184
33277576
33235983
33282963
33268420
33294796
33204460
33213499
33233790
33248648
33202892
33246472
33233816
33240528
33241025
33225950
33205104
33253230
33199917
33268804
33268355
33236019
33236004
33235186
33262703
33227979
33179598
33269104
33214976
33298875
33257898
33239738
33239696
33236033
33233416
33188205
33230300
33203432
33257808
33244362
33262371
33270668
33239788
33230156
33219226
33207206
33203900
33188283
33182325
33182226
33231704
33239686
33287817
33259630
33207722
33294803
33273887
33212948
33261579
33277480
33273580
33294256
33256815
33241196
33281870
33244158
33225964
33216841
33211735
33187550
33183232
33250767
33208725
33177246
33258967
33257685
33259628
33230457
33207830
33218796
33179733
33273524
33235911
33207202
33218114
33209206
33259846
33294774
33251139
33256668
33279861
33281501
33184104
33199733
33298944
33277181
33240334
33227959
33209207
33244151
33182397
33298891
33187372
33198783
33240409
33294859
33412493
33411826
33411684
33409397
33407854
33407853
33407823
33407738
33407149
33407101
33407091
33406971
33406918
33406883
33400784
33400132
33398089
33397444
33397400
33396735
33396385
33395688
33391824
33391823
33387485
33386149
33384442
33383072
33382535
33381157
33381095
33380271
33377907
33377650
33374448
33372586
33371772
33368268
33367533
33357046
33356413
33354722
33353889
33350870
33350463
33346800
33345447
33339956
33338541
33335512
33335196
33332636
33332564
33331245
33328229
33327822
33326428
33325553
33324494
33320694
33319906
33319647
33319642
33319313
33318192
33316491
33316060
33315767
33313884
33313760
33312884
33308295
33308293
33307925
33363029
33292241
33402197
33303814
33337494
33361444
33340996
33329716
33297303
33291307
33324186
33384412
33365044
33403589
33330022
33335150
33333870
33330597
33297320
33312155
33398182
33339153
33328453
33361089
33361765
33296673
33329694
33404980
33363699
33344732
33329728
33288751
33364919
33349712
33329137
33329118
33328476
33317634
33391847
33397978
33363555
33350388
33344796
33343403
33340009
33322579
33297546
33362826
33328919
33362757
33326497
33329574
33317014
33392129
33337244
33327934
33344730
33402227
33348832
33348922
33391446
33330090
33313982
33384647
33349686
33344728
33398086
33343294
33317464
33298083
33371412
33335795
33291839
33362862
33344068
33340029
33330876
33313492
33293549
33397965
33315971
33371893
33304380
33398033
33387133
33345186
33343632
33329721
33319780
33311586
33311554
33290408
33287230
33391375
33329735
33292531
33387132
33372659
33354615
33384402
33376805
33291460
33343635
33343389
33339831
33339309
33339101
33335112
33324495
33317201
33293552
33362848
33349701
33293696
33354435
33354655
33327930
33330659
33303834
33362555
33332014
33317011
33397500
33391848
33376973
33376970
33376967
33336201
33397959
33392634
33364198
33329712
33328249
33322837
33322692
33321963
33299191
33304239
33384629
33365308
33322422
33397454
33381818
33362867
33329692
33293403
33335580
33400243
33376725
33324675
33288752
33363701
33298101
33343624
33308304
33328650
33353110
33344704
33356526
33361747
33335582
33292167
33289847
33392449
33322263
33304382
33391473
33321820
33352945
33344706
33324198
33385171
33302466
33377086
33363022
33316872
33304243
33343564
33319170
33324421
33334040
33293539
33384766
33302461
33292333
33336137
33317022
33300002
33481663
33481017
33481009
33475147
33473328
33472942
33471557
33468710
33468537
33468217
33465774
33464637
33464123
33462183
33461604
33461601
33461589
33453810
33460784
33459381
33455507
33453134
33450751
33450231
33448462
33447348
33446014
33445084
33443234
33436720
33436383
33436083
33436068
33435586
33434283
33431374
33428857
33424927
33424347
33422814
33421223
33420581
33420481
33419220
33415750
33414500
33414392
33414108
33413638
33413568
33413350
33469876
33442664
33432099
33409457
33378272
33414793
33430853
33441557
33379143
33436844
33461563
33441541
33462189
33420494
33400856
33383760
33374812
33413102
33436567
33414549
33479282
33414381
33411239
33425948
33401659
33461566
33408619
33479229
33462475
33448640
33438729
33436766
33416107
33393902
33462334
33458649
33446747
33441773
33407157
33452255
33436599
33469152
33464731
33429795
33414398
33452356
33419350
33395955
33481176
33408383
33430882
33398003
33438800
33437055
33436853
33403041
33430764
33420871
33479343
33396408
33479212
33469137
33462483
33441155
33426540
33457110
33420081
33462484
33456050
33452914
33441150
33431812
33414458
33398303
33432191
33452486
33410475
33481218
33413539
33407556
33417202
33412093
33424937
33461622
33420235
33375250
33441551
33408431
33436912
33441584
33478472
33473169
33452456
33446896
33437151
33414553
33407829
33407715
33407085
33398072
33428129
33424939
33447827
33432196
33397727
33469427
33402734
33462351
33425727
33474652
33374540
33433881
33433611
33436584
33374459
33441653
33436057
33442423
33431060
33420178
33435977
33428093
33407441
33446256
33462443
33434350
33424885
33424836
33436582
33402863
33408417
33375345
33441138
33419446
33430769
33455583
33426328
33379395
33462396
33415115
33424920
33453053
33442000
33425763
33462421
33375613
33435929
33595421
33593392
33591319
33590882
33589929
33588838
33588304
33583458
33580473
33580238
33579810
33575607
33572832
33568045
33567599
33567021
33566097
33564054
33563212
33560371
33559339
33557274
33555853
33555662
33555507
33554223
33554123
33554115
33552123
33552027
33550919
33549677
33549134
33548159
33547791
33547396
33547328
33547282
33547267
33542190
33541399
33539777
33539314
33538087
33537061
33536559
33536045
33535955
33533496
33530447
33529416
33528912
33527608
33526904
33524135
33523132
33523105
33521749
33521602
33519958
33517419
33515594
33515580
33514440
33513760
33511206
33508126
33505438
33505408
33504850
33504307
33504196
33500458
33499918
33499054
33498476
33495335
33495321
33494854
33491072
33489915
33484505
33484127
33483610
33526782
33501605
33554217
33466918
33477762
33504832
33476328
33542415
33576740
33501399
33498754
33583428
33467657
33572525
33504902
33575316
33558008
33510393
33488342
33558695
33542524
33574285
33568205
33507327
33482734
33544721
33587037
33488615
33472785
33511131
33542217
33585248
33588926
33523907
33516273
33504897
33584792
33574263
33558700
33510174
33476202
33552841
33536424
33494820
33589676
33558677
33547496
33501518
33589840
33523434
33587031
33584799
33579953
33568770
33568195
33568166
33551865
33494161
33493148
33492615
33471440
33525677
33564250
33514726
33505025
33470193
33468678
33572776
33536049
33535484
33523829
33514701
33536875
33594455
33514872
33573660
33568791
33552680
33536596
33575630
33498655
33490183
33482861
33563321
33531661
33526822
33510390
33510772
33554325
33511207
33584177
33579974
33579957
33568222
33560403
33558557
33491650
33489822
33510302
33483487
33563976
33558504
33557957
33505962
33502483
33499903
33491310
33482886
33539483
33568662
33552023
33544077
33536621
33468550
33568722
33517887
33594131
33585974
33582898
33547301
33541420
33536631
33531474
33510476
33510130
33495596
33495439
33483693
33478553
33519892
33523963
33504791
33589841
33518159
33544756
33567277
33517544
33510796
33490911
33516250
33519907
33466745
33583425
33574286
33558538
33547071
33543124
33540646
33523931
33523837
33520997
33514712
33502116
33489005
33479238
33468653
33532487
33553151
33593402
33479474
33526821
33547909
33498634
33531457
33525357
33589705
33566221
33541415
33572862
33499037
33573648
33498739
33510831
33472060
33501603
33569383
33488613
33550457
33494697
33566112
33526011
33500353
33473109
33585202
33553761
33572602
33579991
33574305
33564645
33519756
33490009
33519824
33488693
33505589
33585235
33575611
33569346
33550509
33531624
33531604
33509079
33505911
33505028
33500720
33499898
33495453
33551813
33465115
33523915
33541338
33519917
33495604
33491336
33482825
33503177
33499801
33585819
33552128
33531979
33520407
33575596
33552715
33471860
33499882
33532584
33575604
33543402
33466898
33574267
33471862
33503035
33585535
33467592
33584226
33557781
33510126
33505990
33584674
33531910
33490089
33561059
33549060
33488754
33494410
33489894
33579371
33557935
33573325
33489329
33589643
33510668
33552142
33541404
33488497
33481830
33466931
33523961
33580176
33522783
33568829
33552927
33572899
33520358
33503832
33479301
33558613
33509276
33589835
33499167
33584245
33574990
33519332
33469605
33584676
33535416
33504936
33547590
33537300
33536413
33468984
33510657
33504799
33468551
33514769
33472616
33509441
33509439
33519221
33495330
33511330
33520982
33537751
33500572
33536587
33513872
33477537
33661909
33661023
33660869
33658983
33658578
33658503
33656257
33654977
33646943
33642595
33641680
33638990
33637969
33636112
33635828
33635431
33631002
33629415
33627650
33626351
33624263
33624017
33623021
33622391
33622136
33621320
33620112
33618748
33617633
33617351
33615634
33614276
33613645
33612119
33609367
33608499
33608029
33606025
33604581
33602989
33596982
33572349
33643851
33572377
33654115
33565964
33627838
33643109
33572203
33619309
33604170
33632303
33602921
33597849
33573255
33627659
33574266
33637689
33602320
33603467
33644836
33613751
33562604
33608531
33567593
33654266
33649486
33597505
33632308
33578674
33637110
33635441
33619328
33609216
33572947
33598635
33644537
33600292
33649938
33638813
33651354
33530406
33525638
33616624
33579919
33649601
33588906
33597016
33615137
33557049
33571193
33597573
33608279
33627773
33603775
33554857
33539344
33597508
33643372
33630241
33611339
33562470
33627673
33604756
33602968
33614939
33644100
33608517
33597246
33637762
33627123
33623376
33619490
33619351
33579944
33639960
33572110
33637690
33603659
33579029
33540672
33602898
33643013
33546479
33646564
33572487
33557123
33557243
33572220
33603099
33643011
33578969
33644714
33540536
33578793
33634072
33628843
33620645
33608280
33606253
33556087
33562264
33628643
33633549
33619373
33602306
33600085
33546468
33633780
33615225
33614651
33654092
33622385
33593693
33562295
33649590
33644479
33573223
33614539
33562534
33625717
33602314
33619316
33622407
33618777
33623159
33579736
33633550
33623712
33557056
33619283
33608275
33601414
33604446
33649320
33597040
33628950
33613201
33574311
33627658
33567686
33765311
33763662
33762982
33762635
33762478
33762305
33761969
33758880
33758253
33754013
33752734
33752591
33751861
33750960
33750457
33750431
33749330
33749316
33748261
33747361
33745724
33741760
33741694
33741061
33740099
33739972
33739782
33737546
33737539
33732704
33731860
33729499
33722698
33717678
33717649
33716031
33713106
33712835
33711455
33708235
33707228
33707051
33705711
33693780
33692908
33691021
33690661
33689802
33686947
33683369
33681739
33679896
33676569
33674671
33673725
33673278
33669975
33667780
33666134
33664766
33663669
33663600
33665346
33750355
33653394
33650826
33658387
33672064
33674594
33669384
33681234
33758402
33686288
33664403
33712570
33691767
33664492
33680493
33723435
33723220
33637528
33726838
33712580
33663610
33741907
33712998
33712618
33709075
33708229
33674610
33688644
33659026
33641235
33633159
33660763
33737884
33664507
33752729
33686200
33666839
33658662
33721129
33658053
33669862
33712564
33691763
33673083
33630843
33665333
33707641
33655247
33664438
33692100
33747031
33651978
33718266
33748137
33691026
33676394
33670198
33758196
33747362
33741028
33693414
33673279
33672659
33692733
33707472
33685492
33671123
33712630
33685230
33718129
33660129
33670024
33673219
33684161
33681094
33747045
33708244
33685517
33671464
33658815
33630849
33669943
33659873
33672869
33664588
33669072
33664295
33758620
33750001
33743584
33641663
33630864
33712590
33725356
33671963
33746960
33674303
33664506
33658382
33712030
33762648
33747641
33705478
33758547
33655208
33669324
33738444
33665345
33723403
33669174
33674591
33669808
33669721
33665242
33670865
33761966
33664338
33708770
33743080
33672371
33619101
33741908
33719340
33669364
33673506
33665158
33722199
33664235
33719336
33683565
33712031
33672435
33680492
33707775
33658968
33674965
33752693
33717201
33665566
33648534
33679768
33727690
33677770
33723209
33692996
33670524
33669307
33641249
33722289
33664771
33671362
33679435
33681230
33757423
33670779
33670312
33627519
33707481
33854627
33854195
33853770
33850662
33849548
33848004
33846747
33845866
33844651
33844406
33843425
33842983
33842534
33841921
33840017
33839117
33838873
33838111
33837044
33835050
33833093
33829047
33828860
33828212
33827917
33826720
33823916
33821945
33820444
33820434
33818294
33816499
33815817
33814129
33810959
33809258
33808877
33808774
33807997
33803633
33803198
33797841
33793617
33793571
33791744
33791167
33790946
33789763
33788851
33788842
33785872
33784941
33784351
33781093
33779761
33777442
33777112
33771206
33769968
33769919
33768416
33768248
33766110
33819273
33738089
33732246
33800298
33828466
33850190
33781317
33744870
33836872
33825176
33822649
33822234
33810253
33796527
33801130
33750967
33833721
33789736
33790255
33836805
33796868
33795684
33790779
33731678
33795786
33743212
33735102
33841894
33837377
33816562
33772226
33782449
33778451
33816458
33763117
33816462
33802562
33833304
33770080
33782640
33824317
33815473
33741983
33850126
33849620
33838043
33804352
33802612
33801830
33735180
33735170
33760826
33827680
33767450
33833996
33725943
33767912
33763109
33804721
33803348
33763253
33761971
33823899
33762941
33826123
33757567
33732415
33795864
33785068
33827674
33800421
33842847
33807519
33795857
33777923
33815458
33824302
33791438
33762588
33854067
33782531
33767199
33753749
33761349
33734444
33848003
33846625
33815486
33809961
33778213
33824878
33808317
33834402
33828297
33821002
33815481
33828129
33796098
33795017
33776928
33737930
33730188
33850243
33833219
33830993
33795730
33785739
33782385
33773584
33772158
33771188
33747041
33731350
33777100
33828320
33758005
33785833
33722957
33815205
33807066
33846299
33837273
33809102
33731968
33816929
33805303
33796819
33795650
33753848
33752803
33808654
33809061
33722874
33813614
33832071
33813720
33841822
33804025
33836808
33833992
33856594
33805567
33736458
33821458
33790822
33805856
33804455
33740884
33854168
33763479
33724179
33836591
33826098
33815671
33809267
33808224
33803957
33802822
33800260
33795001
33772025
33750813
33810039
33778423
33819300
33805806
33804458
33802234
33801331
33795761
33790302
33786615
33771865
33767157
33754044
33753930
33750914
33734579
33828978
33802405
33815108
33815143
33833776
33791073
33767348
33773583
33842535
33828983
33758076
33803994
33785011
33836696
33802026
33800718
33732142
33794792
33777110
33776996
33808331
33821005
33785750
33841510
33836691
33805976
33850120
33778492
33790745
33809263
33765926
33809095
33815169
33837926
33815470
33750922
33834070
33809104
33794997
33732707
33841129
33804860
33837451
33807423
33809675
33816288
33815668
33803322
33800161
33735395
33758175
33807915
33796106
33737679
33730355
33835452
33802312
33761980
33752746
33748044
33842495
33811126
33768211
33790462
33788613
33803924
33757599
33795748
33767413
33751022
33767702
33722194
33832481
33777002
33833661
33835024
33767446
33767672
33763068
33797605
33828295
33804504
33806322
