22422453
30871403
30867049
30873861
30874594
30876376
30879037
30879397
30870065
30893429
30872662
30900359
30885044
30698680
30877840
29860346
30879057
30875430
30821575
30832291
30793194
30831210
30826615
30819252
30830696
30832715
28603561
30833390
30760334
30765504
30765773
30771258
30773972
30792424
30796027
30777123
30842548
30842553
30764717
30736859
30669119
30704927
30732658
30732639
30721705
30718923
30718529
30709850
30709331
30705257
30706728
30635417
30619480
30670627
30631468
30624029
30587240
29676998
30650672
30643296
30559489
23217325
30450724
30397358
30425263
29706550
30173918
30427307
30439595
30072576
29506027
30279435
30333496
30032232
29456084
30140739
30291282
30055357
30248838
30273333
30048243
30077874
30242228
30016711
30232290
29998287
30093547
30079798
29893918
30136078
30120223
30176915
30185669
29935799
29988127
29790956
30166545
29547942
29775682
29542109
30002084
29693419
29957030
29891976
29325019
29632380
29617535
27321947
29381404
28855307
29325449
29399631
29374233
29310692
23541543
21422862
17228752
12635965
2025725
21561975
27187070
28825715
27980682
28149326
27690265
29160179
28528868
29047346
29044988
28824732
28637190
28927436
28869584
28809857
28630453
28622505
28368004
27217153
28630479
28615041
28282966
28556790
28419547
28569836
28537256
25424551
28480579
28388429
28500316
28515798
28517981
28484249
28494218
28498935
28470095
28473536
28475762
28115635
28462942
28057051
27965295
27591263
28351387
28225755
28234021
28289216
28193155
28165855
27717399
27717397
28002404
28095459
28198702
27998780
28213474
28211912
28198392
28193886
28092683
28168293
28165116
28150704
28147265
28149327
28118844
27013061
28115406
28129601
28128194
27994001
27918982
27922636
27955697
28067913
27918535
27869828
25869828
27891191
27843151
27818178
27835649
27005421
27644593
27716309
27323799
27019159
27687885
27648526
27572077
27511193
27568547
27498152
26673150
27074206
27455349
27358653
27336614
26997371
26292806
27142380
27219535
26551669
26956984
25660083
26912859
26956433
26854917
26861414
26824653
26699896
26813288
26095709
26414678
26717317
26140449
26287746
26449484
25642630
26390057
26449472
26433941
26181258
26316348
26323059
26288249
26046444
25690853
26170291
25634236
26061800
26030523
25915600
25970091
25862628
25886572
25693563
25707804
24997565
25633388
25324151
25541553
24630777
25249537
25437055
22232023
23070629
23175441
23332324
23334450
23526956
23691101
23868178
24120260
24163245
24170695
24253112
24278132
24334605
24477300
24500968
24559495
24561991
24603599
24655651
24704585
24906187
24920721
25003289
25052007
25075435
25129075
25129077
25282492
25325195
25325234
25404168
25424692
25476734
25552657
25556184
25583993
25612291
25617346
25650246
25663950
25855716
25855720
25888029
25935004
25944819
26110892
26119815
26192630
26244061
26404063
26441693
26483836
26499864
26500701
26508088
26553366
26563994
26619905
26643952
26646899
26667048
26681806
26731791
26743604
26756918
26771251
26798409
26826776
26829059
26857698
26864933
26889969
26953979
26973132
27015559
27019061
27040690
27058926
27105112
27142338
27171005
27236499
27358489
27366929
27383059
27448387
27564309
27564456
27602958
27651444
27672717
27777315
27824951
27826092
27832094
27839851
27884142
27886173
27898055
27982729
27993549
28032437
28056824
28062490
28067321
28069425
28074145
28127622
28139377
28173150
28194238
28213390
28225026
28264723
28394087
28439531
28535255
28540928
28550290
28556291
28558807
28595673
28618313
28621160
28624579
28654093
28686328
28693600
28708104
28785368
28811542
28814982
29086770
30793472
30898171
30911103
30905381
30909978
30913233
30913238
30914725
30915882
30918249
30925934
30926763
30922215
30924596
30929737
30935889
30938765
30940212
30941597
30944378
30858345
30936186
30941158
30947592
30948436
30950195
30955436
30956810
30958317
30966798
30966880
30982733
30872577
30906879
30975860
30976086
30988170
30988719
30989176
30992551
30999858
31003786
31004082
31008534
31009935
31009952
31010371
31015461
31015518
31020763
31024609
31026301
31028648
31031804
31033411
31038702
31039056
31039828
31053557
31053723
31062658
31063461
31064978
31068700
31069058
31070508
31073081
31076557
31086609
31088362
31099405
31100065
31101124
30302724
30779925
31109152
31113906
31113950
31116258
31122292
31132961
31138013
31139831
31084332
31138268
31142478
31143935
31144443
31148503
31152171
31155008
31156022
31165884
31166810
31167428
31169496
31197173
29481604
31230816
31173057
31173577
31181146
31182156
31186427
31212707
31187518
31223786
31224475
31224595
31224898
31178122
31179817
31200609
31179827
31208937
31216310
31217032
31228611
31222117
31233934
31230546
31235674
31239533
31241004
31250700
31253200
31196964
31103351
31022588
30785999
31220268
31046576
31114869
31221194
31284823
31284662
31282290
31279243
31277270
31266983
31262328
31260916
31257439
31300640
31300453
31297508
31291495
31291459
31288836
31288238
31211779
31249003
31225507
31308366
31249591
31234833
31300647
31233496
31249060
31234922
31318318
31303497
31307412
31324783
31300005
31320639
31322503
31324826
31332191
31342890
29934819
31195163
31368477
31366909
31350827
31349361
31331382
31346403
31269015
31333715
31375681
31367216
31393794
31393092
31387022
31386212
31384045
31379754
31375641
31369552
31356589
31395791
30694562
31481539
31477727
31477685
31477683
31452782
31464656
31466081
31455416
31461406
31451752
31450665
31443682
31424985
31428785
31426852
31453433
31404209
31443728
31399127
31462275
31510868
31509016
31506343
31506065
31504104
31501771
31501512
31497855
31494793
31485078
31477183
31484546
31542994
31538540
31549173
31521637
31530287
31533842
31556946
31600381
31596135
31594917
31591588
31591380
31587037
31584095
31569353
31566019
31554804
31575865
31575856
31551426
31501517
31530853
31554518
31552803
31552104
31537805
31536415
31480455
31484776
31538136
31601636
31594949
31582393
31582723
31611402
31609642
31536135
31530476
31513634
31506096
31501549
31439477
31467051
31514731
31510704
31455884
31645664
31646666
31642367
31640781
31618096
31667917
31652233
31651337
31640099
31639064
31636290
31628932
31640709
31601707
31651351
31695765
31691802
31675985
30053424
31681422
31665742
31596850
31659193
31665072
31703168
31699133
31466478
29440637
31746071
31745236
31745090
31744183
31739726
31738745
31727104
31682707
31801625
31801406
31796056
31794247
31793401
31791327
31789449
31779682
31775875
31762318
31775873
31767039
31748532
31767861
31748747
31730017
31754283
31775875
31754283
31791395
31780646
31717838
31889537
31857576
31847916
31841597
31831772
31842976
31874648
31867319
31801625
31730017
31848205
31818951
31822674
31827900
31767861
31762318
31811260
31892367
31892350
31880793
31851703
31792462
31861999
31717838
31857576
31847916
32296024
31959221
31943067
31932625
31949157
32007686
32003784
32000657
31999706
31995399
31992121
31985870
31985744
31981007
31969180
31941967
32071425
32067420
32066674
32051591
32049268
32047265
32034291
32033992
32033622
32041686
32029736
32033589
32161338
32160902
32144264
32114984
32085844
32080920
32078381
32066501
32194204
32190749
32188935
32180791
32171335
32170004
32164769
32127008
32127602
32183722
32149610
32190749
32238836
32237968
32228717
32228436
32203468
32202197
32216821
32221288
32211199
32345361
32343731
32327964
32308120
32275652
32264940
32264874
32245523
32234052
32223889
32398718
32388307
32381493
32361995
32354366
32346601
32345984
31554518
32453742
32448018
32443666
32429084
32423419
32367804
26822447
30351206
30905381
27768648
28673994
32523041
32525743
32520614
32503626
32496131
32493484
32484729
32484362
32478847
32493224
32460841
32514149
32424074
32474592
32580755
32539856
32561708
32600451
32603190
32629249
32630231
32641083
32513961
32580727
32605541
32526941
32552915
32678018
32718350
32711505
32694610
32731254
32728124
32697766
32679516
32677467
32671182
32661777
32660331
32653021
32710526
32736664
32736658
32728247
32843700
32741373
32705500
32843619
32803843
32799603
32795589
32789163
32788176
32787975
32754889
32745807
32745538
32733030
32811491
32734142
32778176
32764609
32805005
32859263
32803238
32762727
32749174
32839576
32860016
32814038
32728250
32902349
32901515
32889533
32885222
32883324
32859912
32991610
32988399
32978376
32967004
32963246
32958748
32958588
32951333
32928285
32917208
32916427
32913184
32962699
32930613
32949770
32928150
32967728
32894192
32894181
32973211
32977850
32958812
33023569
33003475
32929078
32962699
32963246
32988399
33048947
33067439
32894192
32913184
32916427
32917208
32928285
32951333
32958748
32958812
32967004
32967728
32977850
32991610
33003475
33023569
33054850
33069246
33079621
32967067
33081814
32894181
33048617
33070182
33062306
32978376
32928150
32930613
32958588
32973211
33045984
32949770
33045983
33185669
33184255
33178681
33173928
33152445
33151971
33150670
33146735
33144501
33137917
33134824
33125040
33100131
33092652
33092459
33109080
33098772
33076993
33106633
33099088
33303027
33300025
33298174
33298155
33296237
33290095
33288854
33279932
33279859
33278554
33277923
33275450
33268789
33267929
33266012
33258948
33257653
33239708
33239447
33239103
33235198
33234153
33232214
33228774
33227132
33216750
33215951
33214203
33213418
33208194
33205092
33203445
33230324
33268865
33256852
33210602
33303764
33228781
33213499
33257808
33442664
33436844
33436912
33441584
33452255
33481009
33436383
33436582
33434283
33468710
33450751
33414500
33431374
33436068
33448462
33420481
33443234
33414392
33413638
33560371
33523105
33558008
33542217
33505025
33536596
33536621
33566097
33564054
33554115
33550919
33547282
33542190
33528912
33517419
33515580
33499918
33494854
33484127
33526782
33466918
33542415
33593402
